LOAD FILE=/Users/sss/Documents/EnergyGap_project/plumed2/plugins/pycv/PythonCVInterface.dylib 
ca_atoms: GROUP ATOMS=1,9,17,25,33,40,48,60,69,76,85,93,100,109,117,124,128,136,144,152,163,171,177,182,190,197,201,212,223,231,241,249,257,266,273,281,285,296,303,317,325,333,338,346,354,360,365,371,375,380,388,393,398,407,418,423,428,436,441,452,462,467,474,485,494,499,510,518,527,533,542,549,556,562,573,581,592,597,605,612,619,626,630,636,643,648,658,664,673,680,689,700,709,717,721,729,741,749,757,768,772,779,788,795,806,810,818,825,833,839,847,855,863,868,876,883,891,900,909,918,926,937,945,952,960,967,972,980,986,997,1003,1011,1019,1027,1033,1041,1047,1054,1059,1066,1073,1080,1092,1101,1106,1120,1131,1140,1148,1152,1164,1173,1177,1182,1189,1197,1205,1212,1217,1221,1225,1231,1239,1247,1255,1263,1270,1278,1290,1299,1306,1315,1323,1330,1339,1347,1354,1358,1366,1374,1382,1393,1401,1407,1412,1420,1427,1431,1442,1453,1461,1471,1479,1487,1492,1499,1507,1511,1522,1529,1543,1551,1559,1564,1575,1583,1594,1599,1605,1609,1617,1625,1637,1647,1656,1667,1672,1679,1687,1696,1707,1717,1725,1732,1743,1752,1757,1768,1776,1781,1787,1796,1803,1810,1819,1830,1838,1849,1854,1862,1869,1876,1883,1887,1893,1900,1905,1915,1921,1930,1937,1944,1955,1962,1970,1974,1982,1994,2002,2010,2021,2025,2032,2041,2048,2059,2063,2071,2078,2086,2092,2100,2108,2116,2125,2133,2140,2148,2157,2166,2175,2183,2194,2202,2209,2217,2224,2229,2237,2243,2254,2260,2268,2276,2284,2290,2298,2304,2311,2316,2323,2330,2337,2349,2358,2363,2377,2388,2397,2405,2409,2421,2430,2434,2439,2446,2454,2462,2469,2474,2479,2484,2489,2496,2505,2509,2513

#define the labels knot and knot_N.
knot: PYCVINTERFACE ATOMS=ca_atoms IMPORT=knotted_colvar CALCULATE=cv 
knot_N: PYCVINTERFACE ATOMS=ca_atoms IMPORT=knotted_colvar CALCULATE=cv NUMERICAL_DERIVATIVES

#What actions to be performed on which label and output it where
DUMPDERIVATIVES ARG=knot,knot_N FILE=knotted_7d51_der.out.reference


#PRINT prints a a single scalar value per frame
PRINT ARG=* FILE=knotted_7d51.out.reference 
